	real*8 ag(197), bg(197), bigB(197), f0(197), alpha1(197)
	real*8 pfermi(197), eps(197)
	

!      eps(197)=.049
      eps(197)=.0058
      eps(64)=0.010
      eps(56)=0.010
      eps(27)=.0083
      eps(12)=.016
      eps(9)=0.0168
      eps(4)=.02
      eps(3)=.0055
      eps(2)=.00225

      f0(2)= 0.0087421570999812/.96689
      f0(3)= 0.00530944208609402
      f0(4)= 0.00401973252542711
      f0(9)= 0.00348142965010112
      f0(12)= 0.00318223097961272
      f0(27)=0.0032783
      f0(56)=0.00289
      f0(64)= 0.002874027535171
      f0(197)= 0.00264244988981799
      
      bigB(2)= 0.000823944541945584/.96689
      bigB(3)= 0.00218428711503937
      bigB(4)= 0.00134486977748062
      bigB(9)= 0.00116084580978475
      bigB(12)= 0.00135911193714437
      bigB(27)=0.0013474
      bigB(56)=0.0014016
      bigB(64)= 0.000886615094402987
      bigB(197)= 0.000763159585000613
      
      ag(2)= 0.00772721685529826
      ag(3)= 0.00288636824154895
      ag(4)= 0.0026986223386714
      ag(9)= 0.00311951067940091
      ag(12)= 0.00302654042944761
      ag(27)=0.0029698
      ag(56)=0.0031802
      ag(64)= 0.00309586042619543
      ag(197)= 0.00306539017228031
      
      bg(2)= 0.00939373447970209
      bg(3)= 0.0103491992909402
      bg(4)= 0.00749410002149716
      bg(9)= 0.00783976750998206
      bg(12)= 0.00705046729168206
      bg(27)=0.006576
      bg(56)=0.0072635
      bg(64)= 0.00709447514594065
      bg(197)= 0.00676775547526636
      
      alpha1(2)= 45.3840728438637
      alpha1(3)= 64.247220058789
      alpha1(4)= 100.255815258545
      alpha1(9)= 110.966740959374
      alpha1(12)= 137.284604974981
      alpha1(27)=131.845
      alpha1(56)=165.7
      alpha1(64)= 132.45766614518
      alpha1(197)= 132.451655636968